64
144
424
16
288
112
256
128
504
504
384
448
224
416
32
152
136
400
256
144
360
400
312
112
120
48
96
192
192
80
448
456
64
144
112
368
64
208
456
328
352
8
120
488
40
416
424
72
384
368
64
320
504
344
168
64
296
400
112
112
120
24
336
248
232
224
216
224
272
0
448
392
48
200
320
80
224
216
168
336
24
328
200
208
184
48
496
304
376
120
272
320
80
104
312
56
192
352
328
40
304
32
112
424
8
312
264
328
440
168
152
304
224
128
216
48
432
296
200
344
392
496
472
16
120
424
184
112
304
456
320
8
152
280
448
208
328
40
440
480
184
64
168
288
16
200
512
424
120
384
96
168
64
40
40
8
488
408
216
424
416
344
488
16
400
248
128
152
72
328
432
24
416
120
128
152
80
48
256
24
328
360
40
120
64
296
40
448
400
448
240
128
352
208
240
96
368
8
440
24
456
360
224
120
408
200
288
440
288
192
392
480
64
256
248
464
504
464
24
96
192
64
0
192
336
112
392
112
224
280
312
64
440
88
120
360
400
336
320
192
304
224
408
360
352
40
248
416
112
16
376
368
440
400
496
216
216
32
8
288
104
392
144
104
376
440
288
224
336
480
152
384
224
112
392
384
344
440
448
272
168
272
216
472
240
424
24
392
224
168
192
104
216
304
184
336
88
200
304
80
312
352
176
328
272
288
232
400
112
304
112
304
200
88
328
264
96
312
120
224
32
456
312
384
352
280
272
88
192
272
208
456
152
88
112
88
392
56
360
448
40
72
304
96
168
248
104
192
120
296
464
240
88
88
296
40
472
464
368
424
64
232
128
120
48
288
160
352
16
136
400
88
240
48
0
216
240
184
40
136
312
16
384
40
112
192
392
200
288
24
184
384
184
440
328
16
200
272
168
200
184
328
40
264
392
248
136
344
464
184
216
32
56
424
176
8
32
416
352
160
328
328
432
344
216
56
104
296
336
416
216
160
336
336
224
8
120
416
112
384
208
200
352
120
80
512
488
296
248
280
72
56
320
120
80
400
248
48
352
40
88
80
168
48
272
208
480
136
216
104
288
136
112
384
40
176
104
112
312
80
24
336
456
136
400
120
424
104
376
8
376
224
352
512
184
224
288
208
424
344
104
456
88
80
416
144
0
280
296
56
112
336
